53.047171
39.600159
57.504512
59.405647
30.489648
36.978205
51.278404
46.837574
49.831988
41.469561
58.793980
57.777919
50.660307
61.272412
54.675093
41.407075
53.687508
40.411174
58.784503
49.500741
48.151376
43.190705
62.225413
48.454705
45.716722
46.478664
55.323092
53.654441
54.127326
54.308210
71.416476
45.935850
44.877573
41.862273
56.159794
61.289723
48.860525
41.598435
41.755188
56.505928
57.432542
55.431543
43.344903
52.321613
51.166858
52.186886
58.714288
52.235955
56.789136
50.675791
52.891194
56.312882
35.428442
46.803288
45.296273
43.611222
47.248577
64.949413
41.341689
59.682784
33.171302
46.651150
51.627531
55.862223
57.112266
57.933472
46.512749
45.376482
58.579759
48.086957
37.243137
38.667128
40.805477
54.971607
51.424257
56.904854
45.727474
51.585397
56.255904
46.906535
54.567752
43.380741
46.369462
46.182621
38.041604
54.869725
45.305977
50.124941
54.807467
54.465312
56.653851
49.015145
45.767017
49.202818
33.126656
35.528875
36.773004
40.027532
53.997742
40.945209
46.218374
62.992283
46.437360
57.375156
40.663823
47.945624
40.499779
46.609669
58.403081
32.726796
54.344236
52.377356
44.058500
35.539421
50.721295
44.705073
52.326762
50.218521
66.017789
47.606444
39.765025
51.792756
52.199967
63.591876
58.351112
53.568711
64.633029
38.112369
43.602485
40.734241
46.101902
36.233139
56.351509
47.777773
35.291937
39.844209
53.135138
58.381266
69.967309
79.138625
54.144094
40.104619
28.679537
52.677115
41.870589
45.846427
43.879032
48.592091
60.659802
51.570486
48.413652
39.643462
33.253171
45.136921
49.462174
67.679299
51.302745
59.827395
45.007044
38.150562
40.348832
42.747739
71.284697
41.786133
58.384892
40.970728
59.315730
53.849510
48.433621
49.592375
43.452123
54.460722
45.450165
37.743942
37.220624
51.725879
65.790913
51.599916
48.813617
52.858261
63.060017
52.193825
45.890728
61.062887
54.287564
65.357560
51.832344
37.755310
36.318408
66.509279
67.236657
48.204808
46.168127
64.614443
38.929543
41.052730
56.433268
46.053949
49.948781
48.365571
